tp: 8, fn 2, fp 6, tn 0
precision: 0.5714285714285714
recall: 0.8
fscore: 0.6666666666666666
