tp: 2, fn 8, fp 1, tn 5
precision: 0.6666666666666666
recall: 0.2
fscore: 0.30769230769230765
