tp: 6, fn 4, fp 3, tn 3
precision: 0.6666666666666666
recall: 0.6
fscore: 0.631578947368421
