tp: 6, fn 4, fp 1, tn 5
precision: 0.8571428571428571
recall: 0.6
fscore: 0.7058823529411764
